ev  dx  dy  dz  r  |z| inCan  dtheta  |p|  E_g4  E_root  dE  dE/E%  t_g4  t_root  dt  PASS  notes
 0  -0.00   0.00  -0.00 1089.4 2757.0  True   0.000  1043.6  1048.9  1048.9   -0.00  -0.000 147.215 147.215  -0.000  True 
 1  -0.00  -0.00   0.00 1106.4 7402.1  True   0.000  1132.2  1137.1  1137.1   -0.00  -0.000 137.060 137.060  -0.000  True 
 2   0.00  -0.00  -0.01  621.4 19390.8  True   0.040  3964.2  3965.6  3965.6   -0.00  -0.000 141.242 141.242  -0.000  True 
 3  -0.00   0.00  -0.00 1286.0 19968.9  True   0.000  1026.1  1031.6  1031.6    0.00   0.000 135.904 135.904   0.000  True 
 4  -0.00  -0.00   0.00 1484.1 15104.5  True   0.018 23281.9 23282.1 23282.1   -0.00  -0.000 140.093 140.093   0.000  True 
 5   0.00   0.00   0.02 1162.0 18643.7  True   0.052  1845.6  1848.6  1848.6    0.00   0.000 159.874 159.874  -0.000  True 
 6  -0.00  -0.00  -0.02 1260.4 19941.0  True   0.034  3327.8  3329.5  3329.5   -0.00  -0.000 136.505 136.505   0.000  True 
 7   0.00   0.00  -0.01  888.1 16261.0  True   0.000  3945.8  3947.2  3947.2    0.00   0.000 154.916 154.916  -0.000  True 
 8  -0.00   0.00  -0.03 1193.8 11381.1  True   0.047   632.6   641.4   641.4   -0.00  -0.000 134.890 134.890  -0.000  True 
 9  -0.00  -0.00  -0.00  997.9 3428.9  True   0.054  3109.1  3110.9  3110.9    0.00   0.000 138.294 138.294  -0.000  True 
